0.04022223697961479
0.021314276386627785
0.02072050974003608
0.015713823054429053
0.014831877394652183
0.020594663935073088
0.015990059909641287
0.012761252286142936
0.015796501523171
0.005853421704134975
0.04022223697961479
0.021314276386627785
0.02072050974003608
0.015713823054429053
0.014831877394652183
0.020594663935073088
0.015990059909641287
0.012761252286142936
0.015796501523171
0.005853421704134975
0.042156303868781116
0.025609071738424156
0.028408347007525966
0.018983191856770946
0.013347777415482416
0.014298545546876342
0.009728860029316189
0.01010072668198617
0.009677346264430405
0.019922478137724638
0.024322349116049212
0.020047778834239607
0.017483901749471224
0.00460750289611557
0.010949014139782054
0.004212676543046824
0.01219577972293522
0.011946045155732228
0.011901070902475101
0.022123988324826767
0.01882252018487443
0.01094199438116355
0.012536162899532861
0.03024792434361838
0.017177466780538466
0.009966430003931177
0.01746645715712063
0.01498658516964125
0.013170494740001721
0.011822453251507208
