0.03529509757532176
0.015599802861549654
0.005061873136142843
0.008118565761482307
0.006429883991984664
0.01024914387770802
0.01512982385265974
0.004993929528044628
0.007716944162748835
0.00776972544590086
0.03529509757532176
0.015599802861549654
0.005061873136142843
0.008118565761482307
0.006429883991984664
0.01024914387770802
0.01512982385265974
0.004993929528044628
0.007716944162748835
0.00776972544590086
0.03970779977762907
0.025036640814567752
0.024697283240541937
0.011154727090979696
0.0067365811797233995
0.005402536930520627
0.0028198061530014485
0.006138654891109404
0.0051904283954679695
0.010965543571269214
0.010879876447435556
0.012709108614765999
0.013100602572185092
0.008750346870614132
0.005841439219115925
0.003723601017769338
0.010360590438664344
0.009234418148024295
0.006545774982127455
0.014401653297344396
0.0058971754268655144
0.008775330339791504
0.010468445195749907
0.028134431338177723
0.009777712746191212
0.007953257622506702
0.010913961599517217
0.00986424301716912
0.007209540994810445
0.008917496466527144
